t = 0.0082
           x           u
      0.0000     -0.0000      0.0000
      0.0202    -12.6407-637841.2695
      0.0404    -26.3333 -10091.2826
      0.0606     -3.6847-659826.2781
      0.0808      2.0171 -13251.4976
      0.1010     -4.3155-657909.7808
      0.1212     -0.5135 -12713.2891
      0.1414    -18.6607-658217.8562
      0.1616      0.1875 -19390.5666
      0.1818     -4.1900-658370.8200
      0.2020   -177.3525 -18053.4041
      0.2222      1.5211-624875.9556
      0.2424     -0.2453 -18654.2454
      0.2626     -6.7122-624532.7953
      0.2828     -1.5726 -21749.7325
      0.3030     -9.7994-625887.7101
      0.3232     -0.9749 -33387.2358
      0.3434     -6.3842-626669.2562
      0.3636     -0.4533 -38790.0517
      0.3838      0.7998-626478.6946
      0.4040     47.2520 -38198.6813
      0.4242     -0.8935-598869.8346
      0.4444     -3.8911 -38980.0247
      0.4646     -5.2802-602351.2251
      0.4848     -7.9865 -38176.6767
      0.5051     -5.3367-606675.6699
      0.5253     -2.4002 -41435.0638
      0.5455      1.5388-608196.3902
      0.5657      6.0385 -41490.5087
      0.5859      1.4845-604049.7237
      0.6061     -2.1395 -40543.7364
      0.6263    -39.9956-604452.4215
      0.6465     -4.2277 -20588.3557
      0.6667     -3.6708-602978.0413
      0.6869    -13.1203 -17516.5970
      0.7071     -2.9226-598503.9161
      0.7273      0.4493 -14920.1373
      0.7475     -7.8320-597250.5814
      0.7677     -1.1674 -12222.5817
      0.7879      1.8461-598693.6532
      0.8081     -3.8360  -7254.9936
      0.8283      1.1525-601675.9606
      0.8485     19.2128  -6879.4828
      0.8687   -109.7359-586304.7303
      0.8889    -52.2264 -93419.2439
      0.9091    -85.7193-627295.6277
      0.9293     -2.2787-160688.9691
      0.9495     -1.7052-629113.2396
      0.9697     -1.3217-162226.0364
      0.9899      3.1037-629696.2642
      1.0101    -17.1864-163541.2521
      1.0303     -0.5816-617520.9336
      1.0505     -0.4451-163916.4244
      1.0707    349.0287-617967.1374
      1.0909      0.0709  49126.0977
      1.1111      0.4506-618094.0418
      1.1313      5.7794  49389.5398
      1.1515      4.7838-612110.0595
      1.1717      0.1999  52775.6568
      1.1919     -9.8733-612183.9332
      1.2121     31.5699  45139.4164
      1.2323     49.3593-587114.6336
      1.2525     -6.5139  84963.9848
      1.2727     -2.9043-592961.4531
      1.2929      0.5706  82476.0007
      1.3131     14.1877-592503.9566
      1.3333     -5.3267  91931.5521
      1.3535     -4.4125-597227.4360
      1.3737    170.3137  88274.7173
      1.3939   -120.3255-461113.9038
      1.4141    -44.9354  -8737.5111
      1.4343    -33.9875-496978.4666
      1.4545     -1.4073 -35070.3646
      1.4747     -3.3458-498193.8211
      1.4949     -1.0530 -38143.4903
      1.5152    -13.8173-499340.3359
      1.5354    -32.6169 -49233.7850
      1.5556     15.9432-525324.5296
      1.5758    -18.1269 -36326.1772
      1.5960     12.4764-539232.6099
      1.6162    -40.1918 -26042.4797
      1.6364     -2.7553-570987.0037
      1.6566    -38.5219 -27905.0832
      1.6768     23.4243-601375.9282
      1.6970     11.9815  -9002.8794
      1.7172      7.1845-591742.3308
      1.7374      1.0542  -4887.0489
      1.7576      1.5359-591178.1111
      1.7778      1.2112  -3778.4724
      1.7980     -1.7091-590426.4619
      1.8182     -0.0994  -4958.7748
      1.8384     -3.3640-588899.7421
      1.8586      0.3694  -6566.8076
      1.8788      0.5887-589067.0161
      1.8990      2.5155  -5042.1601
      1.9192     -0.9874-587482.0342
      1.9394     -2.1948  -3357.7608
      1.9596     -3.2313-588915.8545
      1.9798     -0.0578  -6080.6467
      2.0000      1.0000-589596.5753
